815986860521685033
883800085060784158
939196810977751091
1261742493821698168
1216244288707498107
1264857519524937829
1266057773041319956
1390908902454853772
1293000690117120020
1266693997347340329
1435617093285580841
1374754755812917289
1266772350356160545
1414929185876611082
1080267400357871737
1346168678550339607
1047207425113079888
1356173782934622311
1382296605046083595
1415329624413569054
1261985094818726018
1415299154795561003
1417545092281008198
1395184123848556565
1414928413310976083
1387463608635494451
1414948166217896033
1410050854014292098
1414229578330935457
1064778673993031680
1328750237816324200
1065651172993683497
1414987023202128064
1328567772116029542
1264133012019216426
1413131555731148830
1412683027577835531
1414988768045305926
1390908902454853772
1394485081673826425
1414576680902856744
1266970231549591645
1231546242337734679
1409650862174765179
1326650449306320958
1328750864458055743
1410895053676740709
1344146987305406504
1267077034224648299
1267085642215456850
1264187312343093309
1397209307015286834
1267097973779857439
1160213219428794424
1261903162768363541
1065228741934075914
1329406912525107274
1397923873009307725
1096355349407215697
1241685793534120001
1397619132077441125
1267106504201207869
1267163328602439722
1247140702148890674
1262018945443958847
1267164140015845542
1267861820493004851
1268225459691458677
1268247735400923221
1333476017553277030
1268600487528108054
1269265839123726336
1265717626626248746
1269315275031973969
1269348391553470609
1269351134347395134
1269353949719167042
1269561452793036877
1269569107666276416
1269571735297069170
1269583012182626388
1269618983376650305
1269631226101370952
1269987061448839265
1270396583124406365
1271131122327097407
1271430174566514768
1271435845131567124
1271438008981131344
1271479831359655992
1271488018816958517
1271491839211475103
1272145555518394389
1272597632828837899
1272945423035928622
1274044764454522932
1311477062971822151
1326951673675120692
1342846704982167674
1327581951934201920
1328746845643735115
1334548329039659071
1337467686187434034
1064581608428027945
1337736104404582424
1333030463404638272
1337835794571722857
1340640153596858370
1340685019580071956
1340880381485908083
1341093783663808562
1410691539050561667
1341448384501780481
1342166981671125073
1343234507217829898
1343617223041880074
1343960459329667196
1343977549495009341
1344250602506686498
1344291104039632926
1344293502443585556
1344711562778378252
1344712223716544593
1344712819370627103
1385382682053316608
1418005320697122919
1409950180899422298
1410298018888024208
1345395582033727621
1345703618413596682
1345712466482565171
1345715543172190223
1345953263467368482
1346154621713911809
1346155884103073847
1346156665501909133
1346157302939648173
1346158775048077382
1346166438829887488
1346167683959488542
1346168678550339607
1346170221806882817
1346495325128359961
1346497126758088827
1346500264391086140
1346501226522607616
1346544463249539164
1346547916386603048
1346768459853463562
1346854260125601844
1346878619384807444
1347221376024449115
1347244270985416794
1347594119513378877
1347611105576484954
1347614331008712714
1347614669002772514
1348572092140097559
1349049550890991667
1349050530684731423
1349051013767757865
1349052343936880700
1349054511901315155
1349054904903401565
1349056597086961699
1349059312869310514
1355895827893194906
1355898150380109957
1355593966300434663
1356202875847577741
1356515547101265982
1356878090793652267
1356879842783662081
1356880483480502334
1356968999438778438
1356973577118683360
1356974710671413430
1356986597786124350
1356988734641278976
1356991591390118100
1356997695960649835
1357005668384772097
1357009271526785065
1357023310185234494
1357209939730239572
1357217643068919821
1357238347763814544
1357239850054582432
1357758708582453481
1357944000895651992
1358700459602346086
1358741946868170926
1359081933153243357
1368717353160015882
1371336890166284368
1372103031931535431
1372243909828411452
1372463122253873172
1374257458700226661
1375284881642229780
1375337439941623950
1376150932202586203
1376950550519873589
1377983528955941009
1378726270418030624
1387439202077114469
1387754916696690719
1387763051528192150
1387785189505110148
1387799910115709021
1339285047798272001
1387805372198420674
1388185576192082051
1391803907763736707
1397619132077441125
1267049269462962228
1267058278907773001
1391808230128222251
1409961408954761240
1371540093461991626
1417456904485081182
1391809404025835630
1379509612285530272
1392128667806601328
1266791641285656739
1267075981001097268
1413739439775158363
1410069721830785106
1379356114004742165
1393853130835230831
1379810995161141309
1395396122977239140
1266772350356160545
1390933424671424615
1395697523800408187
1396114519801073815
1395698333741482026
1401195767258943641
1396383621530779718
1266431149308121242
1402596826846072832
1266357086233694273
1414160098846052362


